image_width: 1280
image_height: 720
camera_name: narrow_stereo
camera_matrix:
  rows: 3
  cols: 3
  data: [646.80627,   0.     , 624.19273,
           0.     , 646.15758, 358.00216,
           0.     ,   0.     ,   1.     ]
distortion_model: plumb_bob
distortion_coefficients:
  rows: 1
  cols: 5
  data: [0.120801, -0.095651, 0.000642, -0.006256, 0.000000]
rectification_matrix:
  rows: 3
  cols: 3
  data: [1., 0., 0.,
         0., 1., 0.,
         0., 0., 1.]
projection_matrix:
  rows: 3
  cols: 4
  data: [663.69824,   0.     , 609.3586 ,   0.     ,
           0.     , 674.52539, 358.03582,   0.     ,
           0.     ,   0.     ,   1.     ,   0.     ]
