image_width: 1280
image_height: 720
camera_name: narrow_stereo
camera_matrix:
  rows: 3
  cols: 3
  data: [641.47685,   0.     , 626.1984 ,
           0.     , 641.56377, 367.41055,
           0.     ,   0.     ,   1.     ]
distortion_model: plumb_bob
distortion_coefficients:
  rows: 1
  cols: 5
  data: [0.102890, -0.080917, 0.000978, -0.001291, 0.000000]
rectification_matrix:
  rows: 3
  cols: 3
  data: [1., 0., 0.,
         0., 1., 0.,
         0., 0., 1.]
projection_matrix:
  rows: 3
  cols: 4
  data: [656.48206,   0.     , 621.67682,   0.     ,
           0.     , 661.87109, 367.69699,   0.     ,
           0.     ,   0.     ,   1.     ,   0.     ]
